500
1 0 3 3 13 1 0 4 2 3 13 2 1 1 5 6 2 2 13 0 3 6 3 5 5 4 2 13 13 2 6 1 2 0 1 5 0 5 1 6 1 4 1 4 3 1 3 3 4 5 5 0 4 0 3 0 4 5 5 5 4 4 4 3 5 5 2 3 0 5 0 1 2 2 2 3 4 3 5 1 2 5 2 0 1 2 0 0 0 6 1 0 3 0 5 6 0 6 2 0 0 
6 4 5 4 4 5 5 3 4 4 3 5 1 2 2 1 5 1 0 4 0 4 1 2 6 1 0 3 1 1 4 1 2 4 4 5 0 3 1 2 4 5 1 5 3 5 0 4 1 2 5 1 1 0 2 5 0 0 3 2 0 1 2 2 6 4 0 3 5 0 5 3 3 5 0 2 5 13 3 4 4 5 3 6 6 6 4 1 0 1 3 1 2 1 5 4 3 6 0 2 
5 5 5 3 6 5 5 5 2 3 5 2 13 4 6 5 4 2 2 4 2 3 0 0 6 5 0 3 2 4 4 1 5 2 6 0 3 2 1 2 4 13 5 4 13 2 6 1 0 2 2 0 13 2 3 4 2 5 4 2 1 2 0 5 0 0 2 3 3 5 4 0 4 1 1 1 1 2 5 4 2 6 3 2 3 1 6 6 4 5 5 2 4 3 2 4 5 1 4 3 
0 2 1 2 4 0 4 2 0 5 13 2 0 1 3 2 4 3 3 3 1 6 1 5 4 2 0 4 4 5 5 3 3 1 1 6 2 0 3 4 3 13 5 4 0 1 5 4 4 4 0 5 13 5 4 3 3 4 1 4 5 6 4 4 4 3 3 1 3 1 5 0 2 3 13 3 1 0 4 2 1 4 1 0 4 6 1 5 2 4 13 2 5 3 1 5 0 4 13 5 
0 13 0 13 2 3 0 0 4 4 3 0 0 4 3 5 2 0 1 3 0 2 1 4 3 3 1 1 2 5 2 5 5 0 4 0 2 0 4 1 2 0 2 1 0 3 0 5 2 2 2 5 5 3 5 4 4 5 1 5 1 1 2 2 0 5 1 3 0 0 2 3 3 0 3 1 1 1 3 2 1 0 1 3 0 3 1 3 3 0 1 1 1 3 3 3 3 4 4 
tab0=0;
tab1=0;
tab2=0;
tab3=0;
tab4=0;
tab5=0;
tab6=0;
tab7=0;
tab8=0;
tab9=0;
tab10=0;
tab11=0;
tab12=0;
tab13=0;
tab14=0;
