1000
0 1 1 2 0 3 1 1 7 1 3 0 1 3 7 1 7 7 3 1 1 3 7 0 1 1 1 3 3 7 1 3 3 2 7 7 3 1 0 7 3 3 1 1 3 3 0 3 1 7 2 3 3 3 0 7 3 3 2 3 1 0 0 3 1 0 0 7 1 3 1 3 7 3 1 1 0 0 1 2 3 3 0 7 3 3 7 1 7 1 7 1 3 1 2 2 0 0 7 2 3 
0 3 3 3 7 7 1 3 1 0 3 7 0 1 3 3 2 0 2 7 1 0 3 1 3 3 2 0 0 1 0 7 3 7 1 0 0 0 1 1 1 3 1 7 7 0 3 0 2 1 7 2 0 1 0 7 2 3 3 1 1 3 2 2 1 2 0 3 1 1 3 1 0 2 0 1 0 3 1 1 3 0 7 1 7 7 3 0 1 3 7 3 1 3 1 1 3 3 2 1 
3 7 1 2 0 2 2 3 1 0 0 3 3 7 3 0 1 0 1 2 2 1 2 1 0 1 3 2 3 3 1 2 3 0 0 1 3 2 1 0 0 0 3 7 0 3 7 0 2 0 3 1 0 1 3 1 7 7 1 7 0 3 1 7 7 1 3 0 3 2 1 7 1 0 3 2 2 0 7 7 3 1 3 1 1 0 2 0 1 0 1 3 3 3 7 0 0 3 0 7 
1 1 3 1 2 1 2 1 2 0 0 3 3 0 1 1 7 3 2 2 1 7 7 0 0 1 1 1 0 1 1 1 3 0 3 1 3 3 1 1 1 0 0 7 3 3 7 1 3 1 2 3 7 1 0 0 0 0 0 2 1 0 1 0 3 1 1 1 0 0 2 3 3 0 1 1 0 0 0 3 7 7 1 0 3 1 1 1 3 1 7 1 0 3 0 1 1 2 0 3 
1 3 3 0 7 0 1 0 3 3 0 2 3 2 7 0 7 0 0 0 1 2 2 3 0 1 0 0 1 0 7 0 1 1 7 1 0 0 3 3 3 7 3 1 2 0 3 3 3 0 0 2 3 3 1 1 1 3 2 3 1 0 1 0 0 3 0 0 7 0 3 0 1 2 0 0 3 0 0 7 0 2 1 2 1 3 3 3 7 1 2 7 7 0 2 3 1 0 2 1 
1 0 0 0 1 0 3 1 2 0 2 3 7 0 3 7 3 3 3 7 3 7 2 1 0 1 0 0 1 1 3 1 1 1 0 0 7 3 3 1 1 7 1 1 2 0 3 3 1 0 1 3 1 2 0 3 1 2 1 1 1 7 1 7 0 3 0 3 3 2 0 1 0 0 2 2 7 1 7 0 7 2 3 3 7 1 1 2 7 3 1 7 3 0 3 3 7 0 0 3 
2 3 0 1 3 0 7 3 7 0 3 3 1 1 3 0 3 3 2 2 7 0 3 7 2 7 1 1 3 7 7 0 1 3 7 1 3 3 1 1 3 0 1 7 0 3 3 0 7 0 3 0 3 0 1 3 0 1 2 7 0 1 1 3 3 0 1 1 3 0 3 1 0 2 3 3 3 1 7 2 2 2 3 1 2 0 0 3 0 2 0 0 3 0 7 3 2 1 3 3 
1 0 0 0 3 1 7 1 3 3 2 0 3 3 1 0 0 1 0 0 2 3 7 2 3 3 0 3 0 7 2 1 1 0 0 2 3 7 7 7 0 2 3 2 3 3 1 2 7 1 7 7 2 0 2 1 7 2 1 0 1 0 0 2 3 7 0 1 2 2 7 0 2 0 2 1 0 7 3 1 1 0 3 2 1 3 0 0 3 7 7 0 3 7 3 1 3 3 0 2 
3 0 0 0 0 7 3 0 3 7 1 1 3 7 7 1 3 1 0 1 0 2 1 2 2 7 1 0 7 0 0 7 0 1 3 0 1 1 3 3 3 1 0 2 0 3 0 3 7 1 3 7 3 1 1 0 0 0 3 3 0 3 0 3 3 3 3 7 1 1 1 0 1 0 1 1 3 1 1 0 0 1 0 0 0 0 0 1 7 0 0 1 1 7 3 3 7 7 2 1 
7 1 3 3 0 1 7 3 1 7 1 0 3 7 0 7 3 2 1 3 1 3 2 3 7 0 1 1 0 7 7 1 1 7 7 0 3 7 1 0 0 3 1 0 0 1 0 7 0 3 1 3 1 3 7 0 3 0 7 0 3 7 0 7 3 0 0 7 3 3 1 0 0 3 0 0 7 7 0 1 7 0 1 0 3 3 3 3 1 3 0 0 7 1 1 7 7 7 7 
tab0=0;
tab1=0;
tab2=0;
tab3=0;
tab4=0;
tab5=0;
tab6=0;
tab7=0;
tab8=0;
tab9=0;
tab10=0;
tab11=0;
tab12=0;
tab13=0;
tab14=0;
tab15=0;
tab16=0;
tab17=0;
